0000
0000
0000
0000
0000
0000
0000
0000
0000
0000
0000
0000
0000
0000
0000
0000
0000
0000
0000
0000
0000
0000
0000
0000
0000
0000
0000
0000
0000
0000
0000
0000
0000
0000
0000
0000
0000
0000
0000
0000
0000
0000
0000
0000
0000
0000
0000
0000
0000
0000
0000
00cd
0000
0000
0000
0000
0000
0000
0000
0000
0000
0000
0000
0000
0000
0000
00b8
00ce
0000
0000
0000
0000
0000
0000
0000
0000
0000
0000
0270
0000
0000
0000
0000
0000
0000
0000
0000
0000
0000
0000
0000
0000
0000
0000
0000
0000
0000
0000
0000
0000
0000
0194
0000
0000
0000
0000
0000
0000
0000
0000
0000
0000
0140
0000
0000
0000
0000
0000
0000
0000
0000
0000
0000
0000
0093
0000
0000
0000
0000
0000
0000
0000
0000
0000
0000
0121
0000
0000
0000
0000
0000
0000
0000
0000
0000
0000
0000
0000
0000
0000
0000
0000
0000
0000
0000
0000
0000
0000
0000
0000
0000
0000
0000
0000
0000
0000
0000
0000
0000
03cd
0824
0914
07a6
04d5
03ed
036c
03b9
03fe
005e
0000
0000
0000
0000
0000
0000
0000
019a
0268
05bf
0000
0000
0000
0000
0000
0000
0000
0000
0000
0000
0000
0000
0000
0000
0000
0000
0000
0000
0000
0000
0000
0000
0000
0000
0000
0000
0000
0000
0000
0000
0000
0000
0000
0750
0000
0000
0000
0000
0000
0000
0000
0000
0000
0000
026d
07bd
0000
0000
0000
0000
0000
0000
0000
0000
0000
0000
0aa6
0000
0000
0000
0000
0000
0000
0000
0000
0000
0000
067d
0153
0000
0000
0000
0000
0000
0000
0000
0000
0000
0266
09a6
0000
0000
0000
0000
0000
0000
0000
0000
0000
0000
06a7
0000
0000
0000
0000
0000
0000
0000
0000
0000
0000
0000
0000
0000
0000
0000
0000
0000
0000
0000
0000
0000
0000
0000
0000
0000
0000
0000
0000
0000
0000
0000
0000
0000
047f
0000
0000
0000
0000
0000
0000
0000
0000
0000
0000
0000
0000
0000
0000
0000
0000
0000
0000
0000
0000
0000
0000
0000
0000
0000
0000
0000
0000
0000
0000
0000
0000
0000
0000
0000
0000
0000
006d
0117
015d
051b
0000
0000
0000
041a
0000
0000
0000
0000
0000
0000
0000
0000
0000
0000
04eb
00e4
0000
0000
0000
0000
0000
0000
017b
0000
0000
0000
041f
0000
0000
0000
0000
0000
0000
0018
0000
0000
0000
0540
006c
0000
0000
0000
0000
0000
0000
0000
0000
0000
0000
03a0
0000
0000
0000
0000
0000
0000
0000
0000
0000
0000
04e7
0000
0000
0000
0000
0000
0000
0000
007b
0000
0000
0000
01aa
0000
0000
0000
0000
0000
0000
0000
0000
0000
0000
0000
0000
0000
0000
0000
0000
0000
0000
0000
0000
0000
0000
0000
0000
0000
0000
0000
0000
0000
0000
0000
0000
0000
0000
0000
0000
0000
0000
0000
0000
0000
0000
0000
0000
0000
0000
0000
0000
0000
0000
0000
0000
0000
0000
0000
0000
0000
0000
0000
0000
0000
0000
0000
0000
0000
0000
0000
0000
0000
0000
0000
0000
0000
0000
0000
0000
0000
0000
0000
0000
0000
0000
0000
0000
0000
0000
0000
0000
0000
0000
0000
0000
0000
0000
0000
0000
0000
0000
0000
0000
0000
0000
0000
0000
0000
0000
0000
0000
0000
0000
0000
0000
0000
0000
0000
0000
0000
0000
0000
0000
0000
0000
0000
0000
0000
0000
0000
0000
0000
0000
0000
0000
0000
0000
0000
0000
0000
0000
0000
0000
0000
0000
0000
0000
0000
0000
0000
0000
0000
0000
0000
0000
0000
0000
0000
0000
0000
0000
0000
0000
0005
0000
0000
0000
0000
0000
0000
0000
0000
002c
0000
0000
0008
027e
054d
0000
0000
0000
0000
0000
0000
0000
0000
0023
0000
0000
0000
0000
0000
0203
020b
0087
0751
0000
0012
0000
0000
0000
0000
0000
0000
0000
0000
0000
0000
0000
0000
0000
0000
000e
006b
0000
0000
0000
0000
0463
0000
03a6
0000
0000
0000
0000
0000
0000
0000
0097
021c
0000
0000
0000
0000
0000
0000
0000
0000
0000
002e
008f
05fd
0000
0586
0000
0000
0000
0000
0000
0000
0000
0049
07b6
0000
0000
0000
0000
0000
0000
0000
0000
0000
00b3
0173
0000
0000
0308
0000
0000
0000
0000
0000
0000
0025
00f4
04c9
0000
0050
0000
0000
0000
0000
0000
0000
0000
0000
0000
017c
0000
0000
0000
0000
0000
0000
0000
0000
0000
0000
0000
0000
0000
0000
0000
0000
0000
0000
0000
0000
0000
0000
0000
0000
0000
0000
0000
0000
0000
0000
0000
0000
0000
0000
0000
0000
0000
0000
0000
0000
0000
0000
0000
0000
0000
0000
0000
0000
0000
0000
0000
0000
0000
0000
0000
0000
0000
0000
0000
0000
0000
0000
0000
0000
0000
0000
0000
0000
0000
0000
0000
000b
0000
0000
0000
0000
0000
0000
0000
0000
0000
0000
0000
0000
0000
0000
0000
0000
0000
0000
0000
0000
0000
0000
0000
0000
0000
0000
0000
0000
0000
0000
0000
0000
0000
0000
0000
0000
0000
0000
01e2
0000
0000
0000
0000
0000
0000
0000
0000
0000
0000
027a
0000
0000
0000
0000
0000
0000
0000
0000
0000
0000
0000
0000
0000
0000
0000
0000
0000
0000
0000
0000
0000
0000
0000
0000
0000
0000
0000
0000
0000
0000
0000
0000
0000
0000
0000
0000
0000
0000
0000
0000
0000
0000
0000
0000
0000
0000
0000
0000
0000
0000
0000
0000
0000
0000
0000
0000
0000
0000
0000
0000
0000
0000
023f
0000
0000
0000
0000
0000
0000
0000
0000
0000
0000
0000
0000
0000
0000
0000
0000
04f5
00ec
0000
0000
0000
0076
0000
0000
0000
0000
0000
0000
0000
0062
01a0
0121
0543
0000
0267
0000
0018
0000
0000
0000
0000
0000
0000
0000
0000
0000
0000
0000
0000
0000
0000
0000
0000
0000
0000
00bf
0000
015b
0000
0071
0000
0000
0000
0000
0000
0000
0000
0000
0000
0000
0000
0000
0000
0000
0000
0000
0000
0000
0000
0000
0166
0000
0000
0000
0000
0000
0000
0000
0000
0000
0000
0077
0000
0000
0000
0000
0000
0000
0000
0000
0000
0000
0000
0000
0000
0001
0000
0000
0000
0000
0000
0000
0000
0000
0000
0000
0000
0000
0000
0000
0000
0000
0000
0000
0000
0000
0000
0000
0000
0000
0000
0000
0000
0000
0000
038f
0000
0000
0000
0000
0000
0000
0000
0000
0000
0000
0000
0000
0000
0000
0000
0000
0000
0000
0000
0000
0000
0000
0000
0000
0000
0000
0000
0000
0000
0000
0000
0000
0000
0000
0000
0000
0000
0000
0000
0000
0110
0000
0000
0000
0000
0000
0000
0000
0000
0000
0000
0000
0000
0000
0000
0000
0000
0000
0000
0000
0000
0000
0000
03e1
0000
0049
0000
0000
0000
0000
0000
0000
0000
0000
01ba
0000
0000
0000
0000
0000
0000
0000
0000
0000
0000
0000
0000
0000
0000
0000
0000
0000
0000
0000
0000
0000
0000
02b1
0000
0000
0000
0000
0000
0000
0000
0000
0000
0000
0000
0000
0000
0000
0000
0000
0000
0000
0000
0000
0170
0170
0170
0170
0170
0170
0170
0170
0170
0170
0170
0170
0072
0000
0000
0165
0192
018b
017e
01b1
01f6
0198
00e8
0157
025d
0494
0309
067a
07ab
070d
0605
046e
0452
03cc
02f3
0168
0073
0000
0461
05fc
07c5
08bb
0a4c
0851
0541
0a02
06cd
0220
0000
0000
0000
0000
0000
0000
0000
0000
0000
0865
0031
00fb
0134
0000
0000
0000
0000
0000
0000
0000
0000
0000
0000
007c
0170
0170
0170
0170
013e
003c
0000
0000
0429
0000
0000
0172
0170
0170
0170
0170
0000
0000
0000
033a
0000
0000
0036
0170
0170
0170
0170
0095
0000
0000
00f6
0448
0000
0000
0171
0170
0170
0170
0149
0000
0000
0000
047f
0000
0000
00b7
0170
0170
0170
0170
00f3
0000
0000
0000
0192
0000
0000
0170
0170
0170
0170
0170
024d
0000
0000
0659
0000
0000
0169
0170
0170
0170
0000
0000
0000
0000
0000
0000
0000
0000
0000
0000
0000
0000
0000
0000
0000
0000
0000
0000
0000
0000
0000
0000
0000
0000
0000
0000
0000
0000
0000
0000
0000
0000
0000
0000
0000
0000
0000
0000
0674
0a91
09e7
0877
050d
06b7
0000
045d
012e
0000
0000
0000
0000
0000
0000
0000
0000
01a6
0027
0b17
06a4
0000
0000
0000
0000
0000
0000
0000
0000
0000
0502
01d9
0000
0000
0000
0000
0000
0000
0000
0000
0000
0000
0c7b
006f
0000
0000
0000
0000
0000
0000
0000
0000
0000
06dc
0197
0000
0000
0000
0000
0000
0000
0000
0000
0000
0000
0b1e
0000
0000
0000
0000
0000
0000
0000
0000
0000
0000
0bf1
01b0
0000
0000
0000
0000
0000
0000
0000
0000
0000
0000
06aa
0000
0000
0000
0000
0000
0000
0000
0000
0000
0000
0b64
0045
0000
0000
0000
0000
0000
0000
0000
0000
0000
0000
0000
0000
0000
0000
0000
0000
0000
0000
0000
0000
0000
0000
0000
0000
0000
0000
0000
0000
0000
0000
0000
0000
0000
0000
0000
0000
0000
0000
0000
0000
0000
0000
0000
0000
0000
0000
0000
0000
0000
0000
0000
0000
0000
0000
0000
00d8
0000
0000
0000
0000
0000
0000
0000
0000
0000
0000
0000
0000
0000
0143
0000
0000
0000
0000
0000
0000
0000
0000
0000
0000
0000
0000
0000
0000
0000
035b
0000
0000
0000
0000
0000
0000
0000
0000
0000
0000
02e0
0000
0000
0000
0000
0000
0000
0000
0000
0000
0000
0000
0405
0000
0000
0000
0000
0000
0000
0000
0000
0000
0000
039a
0000
0000
0000
0000
0000
0000
0000
0000
0000
0000
0000
0000
0000
0000
0000
0000
0000
0000
0000
0000
0000
0000
01e5
0000
0000
0000
0000
0000
0000
0000
0000
0000
0000
0000
0000
0000
0000
0000
0000
0000
0000
0000
0003
0000
0000
0000
0000
0000
0000
0000
0000
0000
0000
0000
04ec
031b
0000
0000
0000
0000
0000
0000
0000
0000
0000
0000
01fd
0000
0000
0000
0000
0000
0000
0000
0000
0000
0000
0000
0000
0000
0000
0000
0000
0000
04d7
0000
0000
0000
0000
0000
0000
0000
0000
0000
0000
0000
0000
0000
0000
0258
0000
0000
0000
0000
0000
0000
0000
04ae
0000
0000
0000
0122
0000
0000
0000
0000
0000
0000
0273
0000
0000
0000
039d
0000
0000
0000
0000
0000
0000
0023
04d4
0000
0000
0000
00cb
0000
0000
0000
0000
0000
0000
04d5
0000
0000
0000
0368
0000
0000
0000
0000
0000
0000
0181
008a
0000
0000
0000
0075
0000
0000
0000
0000
0000
0000
043f
0000
0000
0000
0110
0000
0000
0000
0000
0000
0000
0000
0000
0000
0000
0000
0000
0000
0000
0000
0000
0000
0000
008e
0045
0000
0000
0000
0000
0000
0000
0000
0000
0000
0000
0000
0000
0000
0000
0000
0000
0000
01ac
0020
0000
0000
0000
0000
0000
0000
0000
0000
0000
0000
0000
09eb
0036
0112
084b
070c
04c5
0000
0000
0000
0000
0000
01c0
0a9a
0000
0000
00b2
01c9
0451
0521
05ce
013f
0000
0000
14ca
0000
0000
0000
0000
0000
0000
0000
0000
0000
0000
091f
0e97
0000
0000
0000
0000
0000
0000
0000
0000
0000
0000
1605
0000
0000
0000
0000
0000
0000
0000
0000
0000
0000
0e97
0b8a
0000
0000
0000
0000
0000
0000
0000
0000
0000
0274
161b
0000
0000
0000
0000
0000
0000
0000
0000
0000
0000
15d5
0395
0000
0000
0000
0000
0000
0000
0000
0000
0000
0070
1024
0000
0000
0000
0000
0000
0000
0000
0000
0000
0000
0000
0000
0000
0000
0000
0000
0000
00a6
00e0
023d
0000
0000
0000
0000
0000
0000
0000
0000
0017
0000
0222
0980
0000
0000
0000
0000
01a6
0000
0000
0000
0000
000b
0474
0291
0000
0000
0000
0000
0000
0000
0000
0000
0000
0145
0cb0
0d70
08fa
027d
0046
0067
01b1
094b
0000
0000
001f
0028
0186
0272
0461
0576
06c3
04d0
193e
01fb
0000
0000
0000
0000
0000
0000
0000
0032
0105
0705
1788
0000
0000
0000
0000
0000
0000
0000
0000
0125
0044
181c
02de
0000
0000
0000
0000
0000
0000
0000
00c1
0063
0c82
11de
0000
0000
0000
0000
0000
0000
0000
0027
0135
05d1
168e
0000
0000
0000
0000
0000
0000
0000
0000
0048
01e9
13f0
0d29
0000
0000
0000
0000
0000
0000
0000
0000
0000
0403
1502
0000
0000
0000
0000
0000
0000
0000
0068
0068
0068
0068
0068
0068
0068
0068
0068
0068
0068
0068
01bc
01f5
037c
0287
00c1
0049
0012
0000
0000
0000
0000
004b
0284
03e9
0000
0000
0000
0000
010c
0000
0000
0000
0000
0063
001f
0000
0000
0000
0000
0000
0000
0000
0000
0000
0000
0000
0000
0000
0000
0000
0000
0000
0000
0000
0000
0000
0000
0052
007e
00e5
0102
00d5
00d4
016d
00d5
0000
0000
0000
0000
00bc
0068
0068
0068
0068
00a7
02a5
0000
0000
0014
0000
006c
0067
0068
0068
0068
0069
02c6
0000
0000
0000
0000
0000
006a
0068
0068
0068
0068
0154
02cb
0000
0000
0114
0000
00d8
0068
0068
0068
0068
009c
02fa
0000
0000
0000
0000
0000
0077
0068
0068
0068
0068
01ac
00be
0000
0000
0000
0000
00da
0068
0068
0068
0068
0068
0139
01e6
0000
0000
0000
0000
0066
0068
0068
0068
0000
0000
0000
0000
0000
0000
0000
0000
0000
0000
0000
0000
0000
0000
0000
0000
0000
0000
0000
0000
0000
0000
0000
0000
0000
0000
0000
0000
0000
0000
0000
0000
0145
0145
0000
0000
0000
0000
0000
0000
0000
0000
0000
0000
0000
0000
0000
0000
0000
07f3
0637
0000
0000
0000
0000
0000
0000
0000
0000
0000
0000
0000
0000
0097
0091
0000
0000
0000
0000
0000
0000
0000
0000
0000
0000
0000
0000
0000
0000
0000
0113
0000
0000
0000
0000
0000
0000
0000
0000
0000
01c9
00d8
0000
0000
0000
0000
0000
0000
0000
0000
0000
0000
0000
02a1
0000
0000
0000
0000
0000
0000
0000
0000
0000
0000
05db
0000
0000
0000
0000
0000
0000
0000
0000
0000
000f
02ae
0000
0000
0000
0000
0000
0000
0000
0000
0000
0000
0000
0000
0000
0000
0000
0000
0000
0000
0000
0000
0000
0000
0000
0000
0000
0000
0000
0000
0000
0000
0000
0000
0000
0000
0000
0000
0000
0000
0000
0000
0000
0000
0000
0000
0000
0000
0000
0000
0000
0000
0000
0000
0000
0000
0000
0000
0000
0000
0000
0000
0000
0000
0000
0000
0000
0000
0000
0000
0000
0000
0000
0000
0000
0000
0000
0000
0000
0000
0000
0000
0000
0000
0000
0000
0000
0000
0000
0000
0000
0000
0000
0000
0000
0000
0000
0000
0000
0000
0000
0000
0000
0000
0000
0000
0000
0000
0000
0000
0000
0000
0000
0000
0000
0000
0000
0000
0000
0000
0000
0000
0000
0000
0000
0000
0000
0000
0000
0000
0000
0000
0000
0000
0000
0000
0000
0000
0000
0000
0000
0000
0000
0000
0000
0000
0000
0000
0000
0000
0000
0000
0000
0000
0000
0000
0000
0000
0000
0000
0000
0000
0000
0000
03d4
03d4
03d4
03d4
03d4
03d4
03d4
03d4
03d4
03d4
03d4
03d4
04ef
0401
01f0
0091
0000
006d
00aa
00ca
0061
0189
026c
039b
04f9
0c06
153c
1717
11c3
0f75
0d13
0e0b
0928
0601
0259
034f
034e
0156
0e79
1396
1578
17b6
177a
1ada
17a5
1212
052e
03b0
0542
0943
11ca
123a
1584
15f2
1618
1474
1401
1948
07b8
04b2
03ec
056b
075c
0af5
0ebb
126c
158d
1493
21a8
1398
0df9
04b4
03d4
03d4
03d4
03d4
0425
0587
0560
0ef1
1b5c
0c5d
09a2
03d1
03d4
03d4
03d4
03d5
05d3
04af
0968
1a74
11de
0e64
049f
03d4
03d4
03d4
03d4
04eb
053f
0943
1209
188e
0c1c
08cb
03d4
03d4
03d4
03d4
0416
0560
0702
0b67
1b6e
0df8
0dc7
0453
03d4
03d4
03d4
03d4
048d
07bb
0d13
1b08
182a
0de4
075e
03d4
03d4
03d4
03d4
03d4
0485
0756
0da4
1dfe
1179
0b52
03d2
03d4
03d4
03d4
0000
0000
0000
0000
0000
0000
0000
0000
0000
0000
0000
0000
0000
0000
0000
0000
0000
0000
0000
0000
0000
0017
00e1
000b
00ab
0000
0000
0000
0000
0000
0000
0000
0000
0062
0053
0000
002a
0000
0000
0000
0000
0000
0000
0000
0000
0000
0000
0000
0000
0000
0000
0000
0000
0000
0000
0000
0000
0000
0000
0000
0000
0000
0000
0000
0000
0000
0000
0000
0000
0000
0000
0055
0000
0000
0000
0000
0000
0039
0000
0000
0000
0000
0000
0000
0000
0000
0000
0000
0000
0000
0000
0000
0000
0000
003d
0000
0000
0000
0000
0000
005d
0000
0000
0000
0000
0000
0000
0000
0000
0000
0000
001c
0000
0000
0000
0000
0000
0039
0000
0000
0000
0000
002f
0000
0000
0000
0000
0000
001f
0000
0000
0000
0000
0000
006e
0000
0000
0000
0000
0000
000a
0000
0000
0000
0415
0415
0415
0415
0415
0415
0415
0415
0415
0415
0415
0415
0474
03f7
03a3
033c
044f
03e4
0329
02dc
0318
045b
0461
0436
0493
044e
004e
0000
03f1
0624
06c3
067d
064e
081b
073d
0483
03f7
0000
0000
0353
03ca
0000
0010
0000
054f
0000
0623
0454
012e
0000
0000
0000
0000
0000
0044
053a
0000
0106
0aca
042d
039e
0332
02ba
00d7
0193
0082
0140
0000
0000
040a
0626
03f6
0415
0415
0415
0415
0425
04ec
00af
0000
0000
0620
04cc
0414
0415
0415
0415
0415
04ac
0350
0000
0000
043f
055b
0406
0415
0415
0415
0415
0461
044a
012d
0000
038f
05b4
0476
0415
0415
0415
0415
0422
04c9
01ff
0000
0000
04da
0524
03f8
0415
0415
0415
0415
0468
044c
0000
0000
01d9
05c2
043f
0415
0415
0415
0415
0415
044c
0120
0000
0000
061a
0566
0407
0415
0415
0415
0775
0775
0775
0775
0775
0775
0775
0775
0775
0775
0775
0775
0682
0740
07ae
085f
084a
07ee
0783
0762
0754
0836
0717
0782
06a3
0863
026a
0676
0a4f
0bc2
0952
08df
0aeb
0f1d
0b73
07d0
0706
05d7
01c4
00e5
03ee
0649
067f
0a96
0529
0bbc
0d62
078d
0630
0191
02a2
0000
0000
0000
0000
0000
0000
065a
0586
06a3
0779
067a
0675
0424
03ac
0069
03cd
0000
0340
07fb
00cd
06d4
0775
0775
0775
0775
073d
06dd
0486
0000
07fe
0502
03e8
0776
0775
0775
0775
0772
0622
099a
0000
05f5
09c2
00fa
06ec
0775
0775
0775
0775
06b7
08a8
0189
01d0
0a22
0455
047f
0775
0775
0775
0775
0748
06d7
0601
0000
077b
08b3
012f
071e
0775
0775
0775
0775
06a7
08e1
0000
00ff
0d53
03b6
0555
0775
0775
0775
0775
0775
0716
038d
0000
04bb
07cd
034d
0775
0775
0775
0775
0003
0003
0003
0003
0003
0003
0003
0003
0003
0003
0003
0003
00b1
0114
00dc
033c
03ce
02ad
026c
0257
020e
0169
00c0
0011
0311
0524
0e7f
0f81
0a62
08c9
0995
0a4a
0a89
0685
0000
0000
0000
0000
0000
0000
0000
01a6
02a0
064f
0896
0b00
0000
0000
0000
0000
0000
0000
0000
0000
0000
0000
0000
0000
0000
0000
0002
0000
0000
0000
0000
0000
0000
0000
0000
0000
0000
0000
0003
0003
0003
0003
0033
03ab
0000
0060
0000
0000
0000
0000
0003
0003
0003
0002
01c1
0403
0000
02a6
0000
0000
0000
0003
0003
0003
0003
00a4
0558
0196
0388
0000
0000
0000
0003
0003
0003
0003
0028
02e7
0161
0186
0000
0000
0000
0000
0003
0003
0003
0003
00fd
044f
0000
0574
0000
0000
0000
0003
0003
0003
0003
0003
022f
0000
0000
0000
0000
0000
0000
0003
0003
0003
0b79
0b79
0b79
0b79
0b79
0b79
0b79
0b79
0b79
0b79
0b79
0b79
0d28
0eb4
118c
10c3
0e92
0e48
0e19
0de2
0cbf
0b2c
0b02
0b84
0ce7
0f60
146f
1550
14b6
16d7
15bc
1751
13e4
0d8d
09cc
0b46
0997
0c98
0e1f
0bfd
0893
09f0
0a58
11b0
0dd6
0977
085a
0b99
0ae8
09d9
09f3
131b
1686
1710
1881
1cc2
159b
0fe4
1048
0ca7
0b54
0a9a
0abb
0b16
0b5f
0fc3
1464
175a
082d
128a
18cc
0cde
0b79
0b79
0b79
0b79
0bd6
0e1c
105f
0ace
07b8
17be
134f
0b75
0b79
0b79
0b79
0b79
0e42
10a5
119e
030e
136b
1908
0cce
0b79
0b79
0b79
0b79
0cd2
0ff7
10d2
0b4f
0726
17b9
123b
0b78
0b79
0b79
0b79
0bc3
0edd
128e
1050
02d4
13dc
17d0
0c53
0b79
0b79
0b79
0b79
0ce1
113c
1681
083a
0d18
1ad2
10bc
0b79
0b79
0b79
0b79
0b79
0b69
0d2b
0b4a
0374
14ee
1570
0b7e
0b79
0b79
0b79
0000
0000
0000
0000
0000
0000
0000
0000
0000
0000
0000
0000
0000
0000
0000
0000
0000
0000
0000
0000
0000
0000
0000
0000
0000
0000
0000
0000
0000
0000
0000
0000
0000
0000
0000
0000
0000
0000
0000
0000
0000
0000
0000
0000
0000
0000
0000
0000
0000
0000
0000
0000
0000
0000
0000
0000
0000
0000
0000
0000
0000
0000
0000
0000
0000
0000
0000
0000
0000
0000
0000
0000
0000
0000
0000
0000
0000
0000
0000
0000
0000
0000
0000
0000
0000
0000
0000
0000
0000
0000
0000
0000
0000
0000
0000
0000
0000
0000
0000
0000
0000
0000
0000
0000
0000
0000
0000
0000
0000
0000
0000
0000
0000
0000
0000
0000
0000
0000
0000
0000
0000
0000
0000
0000
0000
0000
0000
0000
0000
0000
0000
0000
0000
0000
0000
0000
0000
0000
0000
0000
0000
0000
0000
0000
0000
0000
0000
0000
0000
0000
0000
0000
0000
0000
0000
0000
0092
0000
00aa
02a4
02d5
017a
00c5
007e
0108
0190
005c
0000
0050
0000
02c8
070d
0a0b
09f6
0b02
0a5b
0a0a
0841
02f9
0000
0000
012c
0987
0d25
0a8d
0793
0a00
0830
0e74
040f
0552
0000
0000
0000
0195
0179
00ef
0496
095f
08ef
10e0
02d9
09ad
0000
0000
0000
0038
0006
0005
00d3
0000
041a
02c3
0aad
0000
0000
0000
0000
0000
0000
0000
0133
0000
07cf
0513
0b60
0000
0000
0000
0000
0000
0000
015d
0000
0578
058f
0bff
0000
0000
0000
0000
0000
0000
0060
0065
022f
0726
08a3
098b
0000
0000
0000
0000
0000
0000
0119
0000
072e
05af
0f26
0000
0000
0000
0000
0000
0000
0044
0045
0118
0abb
0aaa
035a
0000
0000
0000
0000
0000
0000
0000
0000
06b7
093b
0b41
0000
0000
0000
0000
0000
0000
0000
0000
0000
0000
0000
0000
0000
0000
0000
0000
0000
0000
0000
0000
0000
0000
0000
0000
0000
0000
0000
0000
0000
0000
004b
0000
0000
0000
0000
0000
0000
0000
0000
0000
0000
0000
0000
0000
0000
0000
0000
0000
0000
0000
0000
0000
0000
0000
0000
0000
0000
0000
0000
0000
0000
0000
0000
0000
0000
0000
0000
0000
0000
0000
0000
0000
0643
0000
0000
00b1
0000
0000
0000
0000
0000
0000
0000
02cb
0000
0000
0000
01ca
0000
0000
0000
0000
0000
0000
0000
0000
0000
0000
0209
0000
0000
0000
0000
0000
0000
0000
0304
0000
0000
0000
0153
0000
0000
0000
0000
0000
0000
0190
0000
0000
0000
0302
0000
0000
0000
0000
0000
0000
0000
01a5
0000
0000
0000
00c0
0000
0000
0000
0000
0000
0000
022e
0000
0000
0000
0000
0000
0000
0000
0000
0000
0000
0000
0000
0000
0000
0000
0000
0000
0000
0000
0000
0000
0000
0000
0000
0000
0000
0000
0000
0000
0000
0000
0000
0000
0000
0000
0000
0000
0000
0000
0000
0000
0000
0000
0000
0000
0000
0000
0000
0000
0000
0000
0000
0000
0000
0000
0000
0000
0000
0000
0000
0000
0000
0000
0000
0000
0000
0000
0000
0000
0000
0000
0000
0000
0000
0000
0000
0000
0000
0000
0000
0000
0000
0000
0000
0000
0000
0000
0000
0000
0000
0000
0000
0000
0000
0000
0000
0000
0000
0000
0000
0000
0000
0000
0000
0000
0000
0000
0000
0000
0000
0000
0000
0000
0000
0000
0000
0000
0000
0000
0000
0000
0000
0000
0000
0000
0000
0000
0000
0000
0000
0000
0000
0000
0000
0000
0000
0000
0000
0000
0000
0000
0000
0000
0000
0000
0000
0000
0000
0000
0000
0000
0000
0000
0000
0000
0000
0000
0000
0000
0000
0000
0000
0000
0000
0000
0000
0000
0000
0000
0000
0000
0000
0000
0000
0000
0000
0000
0000
0000
0000
0000
0000
0000
0000
0000
0000
0000
0000
0000
0000
0000
0000
0000
0000
0000
0000
0000
0000
0000
0000
0000
0000
0000
0000
0000
0000
0000
0000
0000
0000
02a9
0000
0000
0000
0000
0105
0384
0391
0000
0000
0000
00b4
0210
0000
0000
0000
0000
0000
0000
0000
0000
0000
0000
0295
0000
0000
0000
0000
0000
0000
0000
0000
0000
0000
0065
01f6
0000
0000
0000
0000
0000
0000
0000
0000
0000
0000
023b
0000
0000
0000
0000
0000
0000
0000
0000
0000
0000
00a2
0191
0000
0000
0000
0000
0000
0000
0000
0000
0000
0000
0350
0000
0000
0000
0000
0000
0000
0000
0000
0000
0000
008c
004d
0000
0000
0000
0000
099e
099e
099e
099e
099e
099e
099e
099e
099e
099e
099e
099e
0951
0abc
09fb
0942
0a06
0a12
09f6
09fc
0a55
0a3a
0979
09a0
0bc6
0e31
09b7
04f1
00da
029c
0241
0232
018b
0405
079d
09d4
093c
05c6
069f
0805
0956
0b65
08e5
0b9e
03d7
05c8
074d
0a28
082a
0048
0000
0000
0000
0000
0000
0000
0410
009f
0a41
0a01
097b
0975
08bd
0752
05da
0424
0800
0000
050d
0417
0822
097b
099e
099e
099e
099e
0989
0bcb
083b
05eb
00b9
0b05
075c
099d
099e
099e
099e
099b
0a3a
0cdd
0181
06ac
0724
0779
08f9
099e
099e
099e
099e
0969
0dac
064a
08ce
00a5
0b4b
07a2
099d
099e
099e
099e
098c
0b75
08fa
041a
01ca
089f
0765
094e
099e
099e
099e
099e
09ab
0d7f
036d
0327
0062
0987
07d8
099e
099e
099e
099e
099e
0b51
0cd0
0344
096c
05b0
0807
099a
099e
099e
099e
0000
0000
0000
0000
0000
0000
0000
0000
0000
0000
0000
0000
0000
0000
0000
0000
0000
0000
0000
0000
0000
0000
0038
0000
0000
0000
0000
0000
0000
0000
0000
0000
0000
0000
0000
0000
0000
0000
0000
0000
0000
0000
0000
0000
0000
0000
0000
0000
0000
0000
0000
0000
0000
0000
0000
0000
0000
0000
00c7
0000
0000
0000
0000
0000
003e
0000
0000
0000
0000
0000
0000
0000
0000
0000
0000
0000
0000
0000
0000
0000
0000
0000
0000
0000
0000
0000
0000
0000
0000
0000
0000
0000
007b
0000
0000
0000
0000
0000
0000
0000
0000
0000
0000
0000
0000
0000
0000
0000
0000
0000
0000
0000
0000
0000
0000
043d
0000
0000
0000
0000
0000
0000
0000
0000
0000
0000
0040
0000
0000
0000
0000
0000
0000
0000
0000
0000
0000
0000
0128
0000
0000
0000
0000
0000
0000
0000
0000
0000
0000
0000
0000
0000
0000
0000
0000
0000
0000
008f
035d
0729
0626
03bd
0339
0311
03a8
0292
004d
0000
0000
0000
0000
0000
0000
0000
0000
0000
024f
028f
01f8
0107
018c
0237
0000
0000
0000
0000
0000
0000
0000
0000
02cd
0000
0000
0000
03d5
09c7
061a
02f1
0017
0000
0000
0000
033f
0000
0000
0000
0097
007e
0271
04ba
0369
0000
0000
1371
0000
0000
0000
0000
0000
0000
0000
0000
0000
0000
0485
0c5e
0000
0000
0000
0000
0000
0000
0000
0000
0000
0000
1306
0000
0000
0000
0000
0000
0000
0000
0000
0000
0000
073c
09b1
0000
0000
0000
0000
0000
0000
0000
0000
0000
0000
1280
0000
0000
0000
0000
0000
0000
0000
0000
0000
0000
0d4e
0718
0000
0000
0000
0000
0000
0000
0000
0000
0000
0000
0e31
0000
0000
0000
0000
0000
0000
0000
0000
0000
0000
0000
0000
0000
0000
0000
0000
0000
0000
0000
0000
0000
0000
0000
0000
0000
0000
0000
0000
0000
0000
0000
0000
0000
0000
0000
0000
0000
0000
0000
0000
0000
0000
0000
0000
0000
0000
0000
0000
0000
0000
0000
0000
0000
0000
0000
0000
0000
0000
0000
0000
0000
0000
0000
0000
0000
0000
0000
0000
0000
0000
0000
0000
0000
0000
0000
0000
0000
0000
0000
0000
0000
0000
0000
0000
0000
0000
0000
0000
0000
0000
0000
0000
0000
0000
0000
0000
0000
0000
0000
0000
0000
0000
0000
0000
0000
0000
0000
0000
0000
0000
0000
0000
0000
0000
0000
0000
0000
0000
0000
0000
0000
0000
0000
0000
0000
0000
0000
0000
0000
0000
0000
0000
0000
0000
0000
0000
0000
0000
0000
0000
0000
0000
0000
0000
0000
0000
0000
0000
0000
0000
0000
0000
0000
0000
0000
0000
0000
0000
0000
0000
0000
0000
0000
0000
0000
0000
0000
0000
0000
0000
048e
0000
0000
0000
0000
0000
0000
0000
0000
0000
0000
0000
0174
0000
0000
0000
0000
0000
0000
0000
0000
0000
0000
0000
0000
0000
0000
0000
0000
0000
0000
0000
0000
0000
0000
0000
0000
0000
0000
0000
0000
0000
0000
0000
0000
0000
0000
0000
0000
0000
0000
0000
0000
0000
0000
0000
0000
0000
0000
0000
0000
0000
0000
0000
0000
0000
0000
0000
0000
0000
0000
0000
0000
0000
0000
0000
0000
0000
0000
0000
0000
0000
0000
0000
0000
0000
0000
0000
0000
0000
0000
0000
0000
0000
0000
0000
0000
0000
0000
0000
0000
0000
0000
0000
0000
0000
0000
010a
0000
0000
0000
0000
0000
0000
0000
0000
0000
0000
0000
0000
0000
0000
0000
0000
0000
0000
0000
0000
0000
0000
0000
0000
0176
09b3
0000
0000
0000
0000
0000
0000
0000
0000
0000
0000
0669
0225
0000
0000
0000
0000
0000
0000
0000
0000
0000
01fc
070d
0000
0000
0000
0000
0000
0000
0000
0000
0000
0000
0000
0000
0000
0000
0000
0000
0000
0000
0000
0000
0000
0000
00a7
0000
0000
0000
0000
0000
0000
0000
0000
0000
0000
0000
0000
0000
0000
0000
0000
0000
0000
0000
0000
0000
0000
0000
0000
0000
0000
0000
0000
0000
0000
0000
0000
0000
0000
0000
0000
0000
0000
0000
008b
0000
0000
0000
0000
0000
0080
0602
08f2
099c
057a
03f6
0443
0000
0000
0000
0000
0000
0000
0000
0000
0000
0000
0149
0000
0000
0000
0000
0000
0000
00eb
0000
0000
0000
0000
0000
0000
0000
0000
0000
0000
0000
0000
0000
0000
0000
0000
0000
0000
0000
0000
0000
0000
0000
0000
0000
0000
00fd
0000
0000
0000
0000
0000
0000
0000
0000
0000
0000
0000
0000
0000
0000
0000
0000
0000
0000
0000
0000
0000
0000
0000
0000
0000
0000
0000
0000
0000
0000
0000
0000
0000
0000
0000
0000
0000
06d2
0000
0000
0000
0000
0000
0000
0000
0000
0000
0000
033a
05f3
0000
0000
0000
0000
0000
0000
0000
0000
0000
0000
0000
0000
0000
0000
0000
0000
0000
0000
0000
0000
0000
0000
0000
0000
0000
0000
0000
0000
0000
0000
0000
0000
0000
0000
0000
0000
0000
0000
0000
0000
0000
0000
012f
0252
0000
0000
0000
0000
0000
0000
0000
0000
0000
0000
0000
0000
0000
0000
0000
0000
0000
0000
0000
0000
0000
0000
0000
0000
0000
0000
0000
0000
0000
0136
0000
0000
0000
0000
0000
0000
0000
00da
0198
0222
0000
0000
0000
0000
0000
0000
0000
0000
0000
0000
0000
0000
0000
0000
0000
0000
0000
0000
0000
0000
0000
0000
0000
0000
0000
0000
0000
0000
0000
0000
0000
0000
0000
0000
0000
0000
0000
0000
0000
0000
0000
0000
0000
0000
0000
0000
0000
0000
0000
0000
0000
0000
0000
0000
0000
0000
0000
0000
0000
0000
0000
0000
0000
0000
0000
0000
0000
0000
0000
0000
0000
0000
0000
0000
0000
0000
0000
0000
0000
0000
0000
0000
0000
0000
0000
0000
0000
0000
0000
0000
0000
0000
0000
0000
0000
0000
0000
0000
0000
0000
0000
0000
0000
0000
0000
0000
0000
0000
0000
0000
0000
0000
0000
0000
0000
0000
0000
0000
0000
0000
0000
0000
0000
0000
0000
0000
0000
0000
0000
0000
0000
0000
0000
0000
0000
0000
0000
0000
0000
0000
0000
0000
0000
0000
0000
0000
0000
0000
0000
0000
0000
0000
0023
00ad
03c8
0000
0000
0000
0000
0000
0000
0000
0000
0000
0103
030c
0272
0000
0000
0000
0000
0000
0000
0000
0000
0000
0000
02ae
0000
0000
0000
0000
0000
0000
0000
0000
0000
0000
0000
0000
0000
0000
0000
0000
0000
0000
0000
0000
0000
0000
0000
006f
047c
0000
0000
0000
0000
0000
0000
0000
0000
0000
0000
0000
0000
0000
0000
0000
0000
0000
0000
0000
0000
0000
0000
0000
0000
0000
0000
0000
0000
0000
0000
0000
0000
0000
0000
0000
0000
0000
0081
0000
0000
0000
0000
0000
0000
06b3
02c2
0000
0000
0000
0000
0062
0000
0000
0000
0000
0000
0000
0000
0000
0080
0313
0000
0000
0000
0000
0000
0000
0000
0000
0000
0000
0000
0000
0000
0000
0000
0000
0000
0000
0000
0002
00d0
0000
0000
0000
0000
0000
0000
0000
0000
0000
0000
0000
0000
0000
0000
0000
0000
0000
0000
0000
0000
0000
0000
0000
0000
0000
0000
00a9
0000
0000
0000
0000
0000
0000
0000
0000
0000
0000
0000
0000
0000
0000
0000
0000
0000
0000
0000
0000
0000
0000
0000
0000
0000
0000
0000
0000
0000
0000
0000
0000
0000
0246
0000
0000
0000
0000
0000
0000
0000
0000
0000
0000
0000
0000
0000
0000
0000
0000
0000
0000
0000
0000
0000
0000
0000
0000
0000
0000
0000
0000
0000
0000
0000
0000
0000
0000
0000
0000
0000
0000
0000
0000
0000
0000
0000
0000
0000
0000
0000
0000
0000
0000
0000
000b
0000
0000
0000
0000
0000
0000
0000
0000
0000
0000
0000
0000
0000
0000
0000
0000
0000
0000
0000
0000
0000
0000
0000
0000
0000
0000
0000
0000
0000
0000
0000
0000
0000
0000
0000
0000
0000
0000
0000
0000
0000
0000
0000
0000
0000
0000
0000
0000
0000
0000
0000
0000
0000
0000
0000
0000
0000
0529
0000
0000
0000
0000
0000
0000
0000
0000
0000
0000
0000
0000
0000
0000
0000
0000
0000
0000
0000
0000
0000
0000
016f
0000
0000
0000
0000
0000
0000
0000
0000
0000
0000
04cc
0304
0000
0000
0000
0000
0000
0000
0000
0000
0000
0000
0000
0000
0000
0000
0000
0000
0000
0000
0000
0000
0000
0000
0000
0000
0000
0000
0000
0000
0000
0000
0000
0000
0000
0000
0000
0000
0000
0000
0000
0000
0000
0000
0000
0000
0000
0000
0000
0000
0000
0158
0000
0000
0000
0000
0000
0000
0000
0000
0000
0000
0000
0000
0000
0000
0000
0000
0000
0000
03e0
01e3
0022
0000
0000
0000
0000
0000
0000
0000
0000
0000
0000
0024
0087
0212
0236
0000
0000
0000
0000
0000
0000
0000
0000
0000
01dc
0000
0000
0000
0000
0000
0000
0000
0000
0000
0000
0000
0350
0000
0000
0000
0000
0000
0000
0000
0000
0000
0000
0000
0000
0000
0000
0000
0000
0000
0000
0000
0000
0000
0000
0000
0000
0000
0000
0000
0000
0000
0000
0000
0000
0000
0000
0000
00d7
0000
0000
0000
0000
0000
0000
0000
0000
0000
0000
0000
0000
0000
0000
0000
0000
0000
0000
0000
0000
0000
0000
0000
0000
0000
0000
0000
0000
0000
0000
0000
0000
0000
0000
0000
0000
0000
0000
0000
0000
0000
0000
0000
0000
00ea
01ec
0000
0000
0000
0000
0000
0000
0000
0000
0000
0000
0000
0000
0000
0000
0000
0000
0000
0000
0000
0000
0000
0000
0000
0000
0000
0000
0000
0000
0000
0000
0000
0000
0000
0000
0000
0000
0000
0000
0000
0000
0174
0170
0170
0170
0170
0170
0170
0170
0041
0000
0000
0323
0170
0170
0170
0170
0170
0170
0170
0170
0073
0000
0000
0200
0170
0170
0170
0170
0170
0170
0170
0170
0045
0000
00d3
058c
0170
0170
0170
0170
0170
0170
0170
0170
0000
0000
0000
0000
0170
0170
0170
0170
0170
0170
0170
0170
0000
0000
0000
0000
0170
0170
0170
0170
0170
0170
0170
0170
0170
0170
0170
0170
0170
0170
0170
0170
0170
0170
0170
0170
0170
0170
0170
0170
0170
0170
0170
0170
0170
0170
0000
0000
00b1
01b8
019f
0171
01a5
0096
0170
0170
0170
0170
0289
062c
03ad
0782
0717
0674
09e8
039f
0170
0170
0170
0170
0000
0294
05ab
06ad
07d5
0ac4
0692
02e0
0170
0170
0170
0170
0000
0000
0000
0000
0000
0000
0000
0000
0170
0170
0170
0170
0056
0000
0000
0000
0000
0000
0000
0000
0000
0000
0000
0000
0000
0000
0000
0000
0000
0000
0000
0000
0000
0000
0000
0000
0000
0000
0000
0000
0000
0a9b
0000
0000
0000
0000
0000
0000
0000
0000
0000
0000
01b4
0589
0000
0000
0000
0000
0000
0000
0000
0000
0000
0000
0679
0000
0000
0000
0000
0000
0000
0000
0000
0000
0000
0000
0000
0000
0000
0000
0000
0000
0000
0000
0000
0000
0000
0000
0000
0000
0000
0000
0000
0000
0000
0000
0000
0000
0000
0000
0000
0000
0000
0000
0000
0000
0000
0000
0000
0000
0000
0000
0000
0000
0000
0000
0000
0000
0000
0000
0000
0000
0000
0000
0000
0000
0000
0000
0000
0000
0000
0000
0000
019f
09bd
0adf
0926
06cb
07fc
01d5
0000
0000
0000
0000
0000
0000
0000
0000
0000
0000
02bc
0000
0000
0000
0000
0000
0000
0000
0000
0000
0000
0000
0000
0000
0000
0000
0000
0000
0000
0000
0000
0000
0000
0000
0000
0000
0000
0000
0000
0000
0000
0000
0000
0000
0000
050e
0000
0000
0000
0000
0000
0000
0000
0000
0000
0000
0000
0000
0000
0000
0000
0000
0000
0000
0000
0000
0000
0000
05fa
0000
0000
0000
0000
0000
0000
0000
0000
0000
0000
051c
0000
0000
0000
0000
0000
0000
0000
0000
0000
0000
0000
0000
0000
0000
0000
0000
0000
0000
0000
0000
0000
0000
0000
0000
0000
0000
0000
0000
0000
0000
0000
0000
0000
0000
0000
0000
0000
0000
0000
0000
0000
0000
0000
0000
0000
0000
0000
0000
0000
0000
0000
0000
0000
0000
0000
0000
0000
0000
0000
0000
0000
0000
0000
0000
0000
0000
0000
0000
0000
0190
0000
0000
0000
0000
0000
0000
0000
0000
0000
0000
0000
0000
0000
0002
008e
017d
0000
0000
0000
0000
0000
0000
0000
0000
0000
0077
0195
0000
0000
0000
0000
0000
0000
0000
0000
0000
0000
067a
0000
0000
0000
0000
0000
0000
0000
0000
0000
0000
005a
034f
0000
0000
0000
0000
0000
0000
0000
0000
0000
0000
0000
0000
0000
0287
0000
0000
0000
0000
0000
0000
0000
0000
0000
0000
0000
0000
0000
0000
0000
0000
0000
0000
0000
0000
0000
0000
0000
0000
0000
0000
0000
0000
0000
0000
0000
0000
0000
0000
0000
0000
0000
0000
0000
0000
0000
0000
0000
00a6
0000
0000
0000
0000
0000
0000
0000
0000
0000
0000
003e
0762
0000
0000
0000
0000
0000
0000
0000
0000
0000
0000
00e6
0000
0000
0000
0000
0000
0000
0000
0000
0000
0000
0000
0000
0000
0000
0000
0000
0000
0000
0111
0000
0000
0000
0000
0000
0000
0000
0000
0000
0000
0000
0000
0000
0000
0000
0000
0000
0000
0000
0000
0000
0000
0000
0000
0000
0000
0000
0000
0000
0000
0000
0000
0000
08b2
0000
0000
0000
0000
0000
0000
0000
0000
0000
0000
0000
0eb6
0000
0000
0000
0000
0000
0000
0000
0000
0000
0000
001b
0c8f
0000
0000
0000
0000
0000
0000
0000
0000
04d4
0a86
040a
0000
0000
0000
0000
0000
0000
0000
0000
0000
0000
0000
0000
0000
0000
0000
0000
0000
0000
0000
0000
0000
0000
0000
0000
0000
0000
0000
0000
0000
0000
0000
0000
0000
0185
0000
0000
0000
0000
0000
0000
0000
0000
0000
0000
0000
0000
0000
0000
0000
02c4
039b
0000
0000
0000
0000
0000
0000
0000
0000
0000
0000
08e0
0570
0000
0000
0000
0000
05c6
077b
07b8
0000
0000
0000
0f8b
0000
0000
0000
0000
0000
0000
00f8
0308
051b
054e
046e
0002
0000
0000
0000
0000
0000
0000
0000
00ed
016f
105f
0b91
0000
0000
0000
0000
0000
0000
0000
0000
0132
0615
1c9c
0000
0000
0000
0000
0000
0000
0000
0000
0000
0000
0e2f
0b0c
0000
0000
0000
0000
0000
0000
0000
0000
0000
03af
127d
0287
0000
0000
0000
0000
0000
0000
0000
0000
0000
051f
0c32
0320
0000
0000
0000
0000
0000
0000
0000
0000
0000
0000
0000
0000
0000
0000
0000
0000
0000
0000
0000
0000
0000
0000
0000
0000
0000
0000
0000
0000
0000
0000
0000
0176
00e9
007e
0000
0000
0000
0000
0000
0000
0000
0000
0000
0024
071e
05ac
0000
0000
0000
0000
0000
0000
0000
0000
0000
024f
04cc
0000
0000
0000
0000
0000
0000
0000
0000
0000
0000
06ac
0df5
0c8e
0507
015e
0078
0000
0000
0000
0000
0000
0000
00bc
0200
035c
051d
0581
0721
0063
0068
0068
0068
0068
0068
0068
0068
01f0
0197
0000
0000
0068
0068
0068
0068
0068
0068
0068
0068
02e0
0000
0000
0000
0068
0068
0068
0068
0068
0068
0068
0068
02d1
0000
0000
0000
0068
0068
0068
0068
0068
0068
0068
0068
0000
0000
0567
0000
0068
0068
0068
0068
0068
0068
0068
0068
0000
0114
0000
0000
0068
0068
0068
0068
0068
0068
0068
0068
0068
0068
0068
0068
0068
0068
0068
0068
0068
0068
0068
0068
0068
0068
0068
0068
0068
0068
0068
0068
0068
0068
02a7
01fd
048f
00e7
007c
0000
0000
0000
0068
0068
0068
0068
04f7
0000
0000
0000
0000
00f4
0000
0000
0068
0068
0068
0068
0000
0000
0000
0000
0000
0000
0000
0000
0068
0068
0068
0068
0000
0000
0000
0000
0000
0000
0000
0000
0068
0068
0068
0068
00c4
00e6
00f2
00c6
0091
02c5
0000
0000
0000
0000
0000
0000
0000
0000
0000
0000
0000
0000
0000
0000
0000
0000
0000
0000
0000
0000
0000
0000
0145
04e4
0000
0000
0000
0000
0000
0000
0000
0000
0000
0000
0000
0000
0000
0000
0000
0000
0000
0000
0000
0000
0185
06c7
00eb
0000
0000
0000
0000
0000
0000
0000
0000
0000
027a
08d3
0000
0000
0000
0000
0000
0000
0000
0000
0000
0000
0000
0000
0000
0000
0000
0000
0000
0000
0000
0000
0000
0000
0000
0000
0000
0000
0000
0000
0000
0000
0000
0000
0000
0000
0000
0000
0000
0000
0000
0000
0000
0000
0000
0000
0000
0000
0000
0000
0000
0000
0000
0000
0000
0000
0000
0000
0000
0000
0000
0000
0000
0000
05dd
0000
0000
0000
0000
0000
038f
0975
0138
0000
0000
0000
0000
0000
0000
0000
0000
0000
0000
0000
0000
0098
0000
0000
0000
0000
0000
0000
0000
0000
0000
0000
0000
0000
0000
0000
0000
0000
0000
0000
0000
0000
0000
0000
0000
0000
0000
0000
0000
0000
0000
0000
0000
0000
0000
0000
0000
0000
0000
0000
0000
0000
0000
0000
0000
0000
0000
0000
0000
0000
0000
0000
0000
0000
0000
0000
0000
0000
0000
0000
0000
0000
0000
0000
0000
0000
0000
0000
0000
0000
0000
0000
0000
0000
0000
0000
0000
0000
0000
0000
0000
0000
0000
0000
0000
0000
0000
0000
0000
0000
0000
0000
0000
0000
0000
0000
0000
0000
0000
0000
0000
0000
0000
0000
0000
0000
0000
0000
0000
0000
0000
0000
0000
0000
0000
0000
0000
0000
0000
0000
0000
0000
0000
0000
0000
0000
0000
0000
0000
0000
0000
0000
0000
0000
0000
0000
0000
0000
0000
0000
0000
0000
0000
0000
0000
0000
0000
0000
03cc
03d4
03d4
03d4
03d4
03d4
03d4
03d4
052d
0513
0822
14dd
03d4
03d4
03d4
03d4
03d4
03d4
03d4
03d4
0665
09de
12ae
1ee9
03d4
03d4
03d4
03d4
03d4
03d4
03d4
03d4
05be
0857
192f
18df
03d4
03d4
03d4
03d4
03d4
03d4
03d4
03d4
01e2
08da
1cfd
14a8
03d4
03d4
03d4
03d4
03d4
03d4
03d4
03d4
0730
1007
1136
0c12
03d4
03d4
03d4
03d4
03d4
03d4
03d4
03d4
03d4
03d4
03d4
03d4
03d4
03d4
03d4
03d4
03d4
03d4
03d4
03d4
03d4
03d4
03d4
03d4
03d4
03d4
03d4
03d4
03d4
03d4
0621
01c8
01f9
0000
006b
0074
00e0
025a
03d4
03d4
03d4
03d4
0772
10ba
1895
1425
1087
0def
08fa
028d
03d4
03d4
03d4
03d4
0165
065b
131d
1410
16b1
17b9
0c67
03af
03d4
03d4
03d4
03d4
06ed
0e5e
1178
14ee
15c2
1562
0f78
0978
03d4
03d4
03d4
03d4
0477
067f
08d1
0cc6
103f
1506
0000
0000
0000
0000
0000
0000
0000
0000
0000
0000
0000
0000
0000
0000
0000
0000
0000
0000
0000
0000
00ae
0000
0000
0000
0000
0000
0000
0000
0000
0000
0000
0000
0000
0000
0000
0000
0000
0000
0000
0000
0000
0000
0000
0000
0000
0000
0000
0000
0000
0000
0000
0000
0000
0000
0000
0000
0000
0000
0000
0051
0000
0000
0000
0000
0000
0000
0000
0000
0000
0000
0000
0000
0000
0000
0000
0000
0000
0000
0000
0000
0000
0000
0000
0000
0000
0000
0000
0000
0000
0000
0000
0000
0000
0000
0000
0000
00ec
00af
0000
0000
0000
0000
00cc
0000
0000
0000
0000
0000
0000
0000
0000
0000
0000
0000
0000
0000
0000
0000
0000
0000
0000
0000
0000
0000
0000
0000
0000
0000
0000
0000
0000
0000
0000
0000
0000
0000
0000
0000
0000
0000
0000
0000
0000
0000
040e
0415
0415
0415
0415
0415
0415
0415
049a
044b
0000
0000
0415
0415
0415
0415
0415
0415
0415
0415
0504
00d6
0000
0000
0415
0415
0415
0415
0415
0415
0415
0415
03cb
0000
0000
0000
0415
0415
0415
0415
0415
0415
0415
0415
0000
0000
02fd
057f
0415
0415
0415
0415
0415
0415
0415
0415
0000
026e
016a
019e
0415
0415
0415
0415
0415
0415
0415
0415
0415
0415
0415
0415
0415
0415
0415
0415
0415
0415
0415
0415
0415
0415
0415
0415
0415
0415
0415
0415
0415
0415
04a9
0390
0358
041b
0420
035f
05bb
051f
0415
0415
0415
0415
048f
03dd
0000
0366
04c1
06ae
0313
0677
0415
0415
0415
0415
020b
0000
02b0
0496
016c
0000
0530
05fc
0415
0415
0415
0415
0000
0057
0000
0000
0000
0000
0976
0562
0415
0415
0415
0415
02f6
0384
018a
012a
00cc
0184
0777
0775
0775
0775
0775
0775
0775
0775
064a
0936
0000
0447
0775
0775
0775
0775
0775
0775
0775
0775
06ab
05ee
0000
0945
0775
0775
0775
0775
0775
0775
0775
0775
0641
0000
0000
0946
0775
0775
0775
0775
0775
0775
0775
0775
05a9
00a6
0000
017a
0775
0775
0775
0775
0775
0775
0775
0775
04b6
0367
06bb
01b8
0775
0775
0775
0775
0775
0775
0775
0775
0775
0775
0775
0775
0775
0775
0775
0775
0775
0775
0775
0775
0775
0775
0775
0775
0775
0775
0775
0775
0775
0775
062c
0751
085a
088c
0838
0781
08a6
0785
0775
0775
0775
0775
07ea
0509
0317
0952
0afb
0a42
1124
0a96
0775
0775
0775
0775
069c
044a
0000
0486
04a9
0754
0bb9
07b2
0775
0775
0775
0775
0349
0254
0085
0000
0000
0000
04ec
0327
0775
0775
0775
0775
0720
0677
055d
03d5
02b3
0087
0000
0003
0003
0003
0003
0003
0003
0003
00fc
0415
0000
01a5
0003
0003
0003
0003
0003
0003
0003
0003
0446
0085
02c1
0000
0003
0003
0003
0003
0003
0003
0003
0003
0318
0000
0000
0000
0003
0003
0003
0003
0003
0003
0003
0003
0000
0000
0000
0000
0003
0003
0003
0003
0003
0003
0003
0003
0000
0000
0000
0000
0003
0003
0003
0003
0003
0003
0003
0003
0003
0003
0003
0003
0003
0003
0003
0003
0003
0003
0003
0003
0003
0003
0003
0003
0003
0003
0003
0003
0003
0003
0145
00ab
01e1
0427
0323
027b
02df
005b
0003
0003
0003
0003
04d3
094d
11b9
0bde
0949
0913
04f9
0000
0003
0003
0003
0003
0000
0000
0000
0000
0000
035e
0000
0000
0003
0003
0003
0003
0000
0000
0000
0000
0000
0000
0000
0000
0003
0003
0003
0003
0000
0000
0000
0000
0000
0000
0b71
0b79
0b79
0b79
0b79
0b79
0b79
0b79
0d7c
107c
12af
0922
0b79
0b79
0b79
0b79
0b79
0b79
0b79
0b79
0eda
13b7
12fc
0572
0b79
0b79
0b79
0b79
0b79
0b79
0b79
0b79
0baa
0ead
051e
0c38
0b79
0b79
0b79
0b79
0b79
0b79
0b79
0b79
08ee
0a5e
064b
17dd
0b79
0b79
0b79
0b79
0b79
0b79
0b79
0b79
0a98
063a
0ec2
1743
0b79
0b79
0b79
0b79
0b79
0b79
0b79
0b79
0b79
0b79
0b79
0b79
0b79
0b79
0b79
0b79
0b79
0b79
0b79
0b79
0b79
0b79
0b79
0b79
0b79
0b79
0b79
0b79
0b79
0b79
0e54
101d
1275
0f30
0e46
0e03
0a96
0b14
0b79
0b79
0b79
0b79
0e8a
105b
1758
13a7
16d0
1621
0b21
0a5c
0b79
0b79
0b79
0b79
0987
0cd2
0ec1
09d2
0994
0942
0841
0bc3
0b79
0b79
0b79
0b79
0aa2
079a
0f69
1610
1587
17c0
14fe
1311
0b79
0b79
0b79
0b79
0b10
0a51
0aff
0b9d
0c81
115e
0000
0000
0000
0000
0000
0000
0000
0000
0000
0000
0000
0000
0000
0000
0000
0000
0000
0000
0000
0000
0000
0000
0000
0000
0000
0000
0000
0000
0000
0000
0000
0000
0000
0000
0000
0000
0000
0000
0000
0000
0000
0000
0000
0000
0000
0000
0000
0000
0000
0000
0000
0000
0000
0000
0000
0000
0000
0000
0000
0000
0000
0000
0000
0000
0000
0000
0000
0000
0000
0000
0000
0000
0000
0000
0000
0000
0000
0000
0000
0000
0000
0000
0000
0000
0000
0000
0000
0000
0000
0000
0000
0000
0000
0000
0000
0000
0000
0000
0000
0000
0000
0000
0000
0000
0000
0000
0000
0000
0000
0000
0000
0000
0000
0000
0000
0000
0000
0000
0000
0000
0000
0000
0000
0000
0000
0000
0000
0000
0000
0000
0000
0000
0000
0000
0000
0000
0000
0000
0000
0000
0000
0000
0000
0000
0000
0000
0000
0000
0000
0000
0000
0000
00ec
0000
035c
06fb
0000
0000
0000
0000
0000
0000
0000
0000
01b9
0000
080e
076b
0000
0000
0000
0000
0000
0000
0000
0000
00e8
007c
0970
0b4b
0000
0000
0000
0000
0000
0000
0000
0000
0000
00b6
0679
0953
0000
0000
0000
0000
0000
0000
0000
0000
0000
0000
01fa
0000
0000
0000
0000
0000
0000
0000
0000
0000
0000
0000
0000
0000
0000
0000
0000
0000
0000
0000
0000
0000
0000
0000
0000
0000
0000
0000
0000
0000
0000
0000
0153
0000
01a5
0337
01fa
00ff
0329
007b
0000
0000
0000
0000
0103
0000
0362
09e2
09c2
0acb
0408
0253
0000
0000
0000
0000
0000
0522
0a9a
0cbd
09e4
0826
067f
041a
0000
0000
0000
0000
0000
00b1
01b9
0008
02df
0813
09e8
0000
0000
0000
0000
0000
0000
0000
004c
0000
0000
01a9
0000
0000
0000
0000
0000
0000
0000
0000
0000
0000
01ff
0000
0000
0000
0000
0000
0000
0000
0000
0000
0000
022d
0000
0000
0000
0000
0000
0000
0000
0000
0000
0000
0000
0304
0000
0000
0000
0000
0000
0000
0000
0000
0000
0000
0000
0000
0000
0000
0000
0000
0000
0000
0000
0000
0000
0000
0000
0000
0000
00c9
0000
0000
0000
0000
0000
0000
0000
0000
0000
0000
0000
0000
0000
0000
0000
0000
0000
0000
0000
0000
0000
0000
0000
0000
0000
0000
0000
0000
0000
0000
0000
0000
0000
0000
0000
0000
0000
0000
0000
0000
0000
0000
0000
0000
0000
0000
0000
0000
0000
0000
0000
0000
0000
0000
0000
0000
0000
0000
0000
0000
0000
0000
0000
0000
0000
0000
0000
0000
0000
0000
0000
0000
0000
0000
0000
0000
0000
0000
0000
0000
0000
0000
0000
0000
0000
0000
0000
0000
0000
0000
0000
0000
0000
0000
0000
0000
0000
0000
0000
0000
0000
0000
0000
0000
0000
0000
0000
0000
0000
0000
0000
0000
0000
0000
0000
0000
0000
0000
0000
0000
0000
0000
0000
0000
0000
0000
0000
0000
0000
0000
0000
0000
0000
0000
0000
0000
0000
0000
0000
0000
0000
0000
0000
0000
0000
0000
0000
0000
0000
0000
0000
0000
0000
0000
0000
0000
0000
0000
0000
0000
0000
0000
0000
0000
0000
0000
0000
0000
0000
0000
0000
0000
0000
0000
0000
0000
0000
0000
0000
0000
0000
0000
0000
0000
0000
0000
0000
0000
0000
0000
0000
0000
0000
0000
0000
0000
0000
0000
0000
0000
0000
0000
0000
0000
0000
0000
0000
0000
0000
0000
0000
0000
0000
0000
0000
0000
0000
0000
0000
0000
0000
0000
0000
0000
0000
0000
0000
0000
0000
0000
0000
0000
0000
0000
0000
0000
0000
0000
0000
0000
0000
0000
0000
0000
0000
0000
0000
0000
0000
0000
0000
0000
0000
0000
0000
0000
0000
0000
0000
0000
0000
0000
0000
0000
0000
0000
0000
0000
0000
0000
0000
0000
0000
0000
0000
0232
0000
0000
0000
0000
0000
0000
0000
0000
0000
0000
0173
009a
0000
0000
0000
0000
0000
0000
0000
0000
0000
0000
0000
0000
0000
0000
0000
0000
0000
0000
0000
0000
0000
0000
0000
0000
0000
0000
0000
0000
0000
0000
0000
0000
0000
0000
0000
0000
0000
0000
0000
0000
0000
0000
0000
0000
0000
0000
0000
0000
0000
0000
0000
0000
0000
0000
0000
0000
0000
0000
0000
0000
0000
0000
0000
0000
0000
0000
0000
0000
0000
0000
0000
0000
02e0
0039
0000
0000
0000
0000
0000
0000
0053
01cd
0438
0148
099c
099e
099e
099e
099e
099e
099e
099e
0965
0cc8
0432
0666
099e
099e
099e
099e
099e
099e
099e
099e
0c28
099e
02b1
0000
099e
099e
099e
099e
099e
099e
099e
099e
0e30
064b
08f9
03c7
099e
099e
099e
099e
099e
099e
099e
099e
056c
0000
0000
07b6
099e
099e
099e
099e
099e
099e
099e
099e
0567
0237
05fe
0728
099e
099e
099e
099e
099e
099e
099e
099e
099e
099e
099e
099e
099e
099e
099e
099e
099e
099e
099e
099e
099e
099e
099e
099e
099e
099e
099e
099e
099e
099e
0a25
0965
0a4d
09b4
0a18
09f3
0a9a
0997
099e
099e
099e
099e
0ed5
0a7c
0a50
0110
0179
01bf
040e
098d
099e
099e
099e
099e
0718
0723
06d4
077f
0b0c
0acb
00b7
0b8d
099e
099e
099e
099e
0438
0000
0000
0000
0000
0000
0622
0996
099e
099e
099e
099e
093b
097a
081e
066b
04c2
06b9
0000
0000
0000
0000
0000
0000
0000
0000
0000
0000
0000
0000
0000
0000
0000
0000
0000
0000
0000
0000
0000
0000
0000
0000
0000
0000
0000
0000
0000
0000
0000
0000
0000
0000
0000
00a2
0000
0000
0000
0000
0000
0000
0000
0000
0000
0000
0000
0000
0000
0000
0000
0000
0000
0000
0000
0000
0000
0086
0000
0000
0000
0000
0000
0000
0000
0000
0000
0000
0000
0000
0000
0000
0000
0000
0000
0000
0000
0000
0000
0000
0000
0000
0000
0000
0000
0000
0000
0000
0000
0000
0000
0000
0000
0000
0000
0000
0000
0000
0000
0000
0000
0000
0000
0000
0000
0000
0000
0000
0000
0000
0000
0000
0000
0000
0000
0000
0000
0000
0000
0000
00c1
0000
0000
0000
0000
0000
0000
0000
0000
0000
0000
0000
0000
0000
0000
0000
0000
0000
0000
0000
0000
0000
0000
0000
0000
0000
0000
0000
0000
0000
0000
0000
0000
0000
0000
0000
0000
0000
0000
0000
0000
0000
0000
0000
0000
0000
0000
0000
0000
0000
0000
0000
0000
0000
0000
0000
0000
0000
0000
0b64
0000
0000
0000
0000
0000
0000
0000
0000
0318
0000
07e9
0c3e
0000
0000
0000
0000
0000
0000
0000
0000
0000
0000
0d08
0628
0000
0000
0000
0000
0000
0000
0000
0000
0000
0000
0000
0000
0000
0000
0000
0000
0000
0000
0000
0000
0000
0000
0000
0000
0000
0000
0000
0000
0000
0000
000c
01a3
05e2
0714
0492
035c
0458
00cd
0000
0000
0000
0000
0000
0000
0000
0000
0000
0000
0000
0364
0000
0000
0000
0000
0481
0000
0000
0000
0000
0000
0000
0000
0000
0000
0000
0000
0000
0000
08d6
0834
047f
01e9
0df8
0000
0000
0000
0000
0000
0000
0000
0149
00d1
03b1
0421
0000
0000
0000
0000
0000
0000
0000
0000
0000
0000
0000
0000
0000
0000
0000
0000
0000
0000
0000
0000
0000
0000
0000
0000
0000
0000
0000
0000
0000
0000
0000
0000
0000
0000
0000
0000
0000
0000
0000
0000
0000
0000
0000
0000
0000
0000
0000
0000
0000
0000
0000
0000
0000
0000
0000
0000
0000
0000
0000
0000
0000
0000
0000
0000
0000
0000
0000
0000
0000
0000
0000
0000
0000
0000
0000
0000
0000
0000
0000
0000
0000
0000
0000
0000
0000
0000
0000
0000
0000
0000
0000
0000
0000
0000
0000
0000
0000
0000
0000
0000
0000
0000
0000
0000
0000
0000
0000
0000
0000
0000
0000
0000
0000
0000
0000
0000
0000
0000
0000
0000
0000
0000
0000
0000
0000
0000
0000
0000
0000
0000
0000
0000
0000
0000
0000
0000
0000
0000
0000
0000
0000
0000
0000
0000
0000
0000
0000
0000
0000
0000
0000
0000
0000
0000
0000
0000
0000
0000
0000
0000
0000
0000
0000
0000
0000
0000
0000
0000
0000
0000
0000
0633
0000
0000
0000
0000
0000
0000
0000
0000
0000
0000
029b
0000
0000
0000
0000
0000
0000
0000
0000
0000
0000
0000
019b
0000
0000
0000
0000
0000
0000
0000
0000
0000
0000
0046
0000
0000
0000
0000
0000
0000
0000
0000
0000
0000
0000
0000
0000
0000
0000
0000
0000
0000
0000
0000
0000
0000
02ce
0000
0000
0000
0000
0000
0000
0000
0000
0000
0000
0000
0000
0000
0000
0000
0000
0000
0000
0000
0000
0000
0000
0000
0000
0000
0000
0000
0000
0000
0000
0000
0000
0000
0000
0000
0000
0000
0000
0000
0000
0000
0000
0000
0000
0000
0000
0000
0000
0000
0000
0000
0000
0000
0000
0000
0000
0000
0000
0000
0913
0bc9
0e18
0caa
0d38
08b4
0117
0000
0000
0000
0000
0000
0000
0000
0000
0000
0000
0000
0000
0000
0000
0000
0000
0000
0000
0000
0000
0000
0000
0000
0000
0000
0000
0000
0000
0000
0000
0000
